255
216
255
219
0
132
0
16
11
12
14
12
10
16
14
13
14
18
17
16
19
24
40
26
24
22
22
24
49
35
37
29
40
58
51
61
60
57
51
56
55
64
72
92
78
64
68
87
69
55
56
80
109
81
87
95
98
103
104
103
62
77
113
121
112
100
120
92
101
103
99
1
17
18
18
24
21
24
47
26
26
47
99
66
56
66
99
99
99
99
99
99
99
99
99
99
99
99
99
99
99
99
99
99
99
99
99
99
99
99
99
99
99
99
99
99
99
99
99
99
99
99
99
99
99
99
99
99
99
99
99
99
99
99
99
99
255
196
1
162
0
0
1
5
1
1
1
1
1
1
0
0
0
0
0
0
0
0
1
2
3
4
5
6
7
8
9
10
11
1
0
3
1
1
1
1
1
1
1
1
1
0
0
0
0
0
0
1
2
3
4
5
6
7
8
9
10
11
16
0
2
1
3
3
2
4
3
5
5
4
4
0
0
1
125
1
2
3
0
4
17
5
18
33
49
65
6
19
81
97
7
34
113
20
50
129
145
161
8
35
66
177
193
21
82
209
240
36
51
98
114
130
9
10
22
23
24
25
26
37
38
39
40
41
42
52
53
54
55
56
57
58
67
68
69
70
71
72
73
74
83
84
85
86
87
88
89
90
99
100
101
102
103
104
105
106
115
116
117
118
119
120
121
122
131
132
133
134
135
136
137
138
146
147
148
149
150
151
152
153
154
162
163
164
165
166
167
168
169
170
178
179
180
181
182
183
184
185
186
194
195
196
197
198
199
200
201
202
210
211
212
213
214
215
216
217
218
225
226
227
228
229
230
231
232
233
234
241
242
243
244
245
246
247
248
249
250
17
0
2
1
2
4
4
3
4
7
5
4
4
0
1
2
119
0
1
2
3
17
4
5
33
49
6
18
65
81
7
97
113
19
34
50
129
8
20
66
145
161
177
193
9
35
51
82
240
21
98
114
209
10
22
36
52
225
37
241
23
24
25
26
38
39
40
41
42
53
54
55
56
57
58
67
68
69
70
71
72
73
74
83
84
85
86
87
88
89
90
99
100
101
102
103
104
105
106
115
116
117
118
119
120
121
122
130
131
132
133
134
135
136
137
138
146
147
148
149
150
151
152
153
154
162
163
164
165
166
167
168
169
170
178
179
180
181
182
183
184
185
186
194
195
196
197
198
199
200
201
202
210
211
212
213
214
215
216
217
218
226
227
228
229
230
231
232
233
234
242
243
244
245
246
247
248
249
250
255
192
0
17
8
0
149
0
227
3
1
17
0
2
17
1
3
17
1
255
218
0
12
3
1
0
2
17
3
17
0
63
0
190
23
63
242
196
159
247
136
81
93
122
156
162
21
216
165
155
202
69
29
114
204
105
61
55
26
212
129
158
118
63
184
139
28
133
220
221
57
255
0
103
25
53
54
148
186
149
104
173
196
104
100
157
66
188
229
242
112
234
65
10
63
14
191
153
163
145
92
20
173
208
177
21
156
81
46
213
105
0
206
112
173
176
103
215
11
138
174
72
174
130
115
108
103
246
125
158
119
189
188
100
231
59
156
177
63
153
53
86
72
57
164
85
185
243
161
102
251
32
118
65
130
66
206
70
223
192
241
92
211
165
204
239
19
88
202
235
222
32
117
212
213
88
53
188
41
0
224
153
138
112
79
174
58
254
89
165
236
230
183
144
239
23
176
219
109
46
250
40
203
139
133
70
36
5
80
164
15
203
131
249
211
250
186
123
178
93
68
216
246
211
111
228
69
50
37
189
193
7
57
47
130
125
176
70
41
125
93
173
152
213
84
69
53
181
228
106
15
246
123
70
224
252
175
1
94
15
224
121
250
82
116
106
119
41
77
62
164
162
254
88
153
179
29
220
109
143
152
178
49
63
203
138
158
74
168
86
136
229
214
163
192
221
114
195
253
225
69
234
32
229
143
97
14
173
209
132
177
19
238
160
210
246
147
93
67
146
35
94
227
237
50
164
178
76
158
98
15
149
149
64
197
14
164
158
183
26
73
43
116
42
95
77
50
205
230
18
54
63
241
47
95
215
53
45
243
59
178
146
73
89
22
163
142
63
45
82
96
100
145
177
247
255
0
207
21
35
78
218
148
103
87
138
109
150
202
161
135
93
138
48
63
58
10
110
228
18
134
11
251
216
212
156
117
44
64
252
58
80
77
152
213
156
64
3
36
30
88
63
196
1
231
241
52
89
133
153
21
206
160
79
221
221
159
82
104
176
15
209
236
27
83
184
15
59
17
2
158
121
198
239
97
90
66
42
250
145
39
216
237
173
213
82
20
72
212
34
40
192
80
48
0
174
200
236
96
213
135
213
146
37
0
49
247
238
93
170
8
207
62
194
144
116
31
64
134
63
74
64
121
231
136
255
0
228
59
119
254
240
254
66
185
167
241
51
162
31
10
61
5
217
99
92
183
208
1
212
159
65
93
77
216
193
34
53
141
157
247
72
126
97
208
14
137
254
45
239
219
181
36
135
182
195
217
21
20
176
80
49
131
76
91
135
148
174
50
227
36
247
232
104
11
138
17
135
73
24
143
86
0
226
128
33
150
66
206
33
87
124
19
134
116
80
0
246
207
76
212
55
127
66
210
182
161
11
32
137
163
183
136
50
129
134
124
141
135
254
4
58
159
165
59
187
105
176
173
174
163
173
96
11
204
153
121
87
144
88
146
0
63
221
29
191
157
56
164
130
78
228
206
62
231
251
194
153
35
135
202
222
199
249
208
2
226
152
0
202
125
210
64
244
20
128
36
98
233
181
190
112
195
24
110
65
160
17
86
45
46
206
50
196
219
199
43
31
226
149
3
28
118
28
210
178
69
57
54
15
164
233
238
114
108
226
83
234
153
79
228
104
229
79
116
28
210
238
84
155
65
131
99
121
19
92
43
14
85
89
195
12
254
89
253
107
55
74
47
98
213
71
212
199
86
112
26
16
135
239
124
236
64
200
61
235
145
171
104
205
246
216
153
45
226
141
9
32
103
57
5
156
241
249
84
220
118
43
173
194
69
40
96
81
95
63
120
169
36
126
38
128
104
47
111
76
185
14
233
34
251
19
254
20
144
202
16
91
11
171
197
137
142
216
192
222
196
113
128
42
186
92
147
169
211
98
72
97
137
85
64
82
55
224
103
142
184
21
180
8
102
186
46
16
103
174
43
169
108
96
197
197
49
13
197
2
12
80
1
138
0
107
46
69
32
60
239
196
163
26
253
224
255
0
108
127
33
92
211
248
153
188
62
20
122
10
161
7
204
147
6
78
128
14
139
236
63
198
186
118
49
242
23
30
88
245
254
166
141
133
184
217
136
68
45
51
132
64
50
112
51
138
24
208
176
140
196
185
47
211
191
20
32
21
192
3
229
0
191
98
121
199
191
52
2
20
65
25
81
27
34
186
47
102
25
4
247
52
12
89
98
18
71
229
125
213
35
28
113
129
232
49
67
212
22
154
132
80
132
98
171
208
1
223
61
232
16
231
95
153
63
222
254
134
128
20
174
70
41
128
14
69
2
12
80
3
35
87
13
243
237
239
128
167
56
31
149
8
108
147
20
8
49
64
199
5
164
6
46
169
108
177
95
9
66
12
72
188
250
102
185
107
45
110
116
83
122
88
207
157
87
33
64
12
113
206
120
2
185
205
128
35
255
0
20
95
47
114
56
199
226
104
17
74
226
8
145
202
240
78
51
205
9
141
141
211
225
100
19
78
8
193
33
6
70
122
114
106
159
194
71
83
160
182
204
151
40
216
194
24
192
192
233
156
241
90
211
223
82
101
177
172
167
39
142
130
186
147
57
218
31
138
98
16
138
0
54
208
2
226
128
13
188
82
3
205
252
80
49
226
43
209
254
216
254
66
185
229
185
188
62
19
209
74
252
195
143
122
233
48
20
174
7
61
40
1
136
3
18
81
129
94
131
184
160
98
170
49
31
123
28
158
139
64
131
104
83
140
96
117
39
212
208
50
68
95
151
235
72
5
88
246
116
36
241
140
179
18
104
24
168
56
39
215
154
4
5
114
235
237
147
64
192
173
49
13
219
243
17
235
205
0
4
96
129
69
197
97
10
157
195
29
186
211
1
216
164
2
133
160
7
1
72
163
55
92
97
28
112
146
6
55
30
125
43
10
221
13
105
245
50
217
129
143
252
144
43
148
216
71
104
246
109
4
31
92
115
64
25
215
5
183
145
184
122
96
173
32
39
181
82
186
91
16
54
49
152
12
254
181
173
189
219
144
159
188
94
179
92
20
147
45
148
84
66
51
247
190
99
85
5
212
79
177
187
16
200
200
32
142
185
29
235
166
14
232
198
74
196
202
140
70
64
205
85
213
236
43
117
31
28
97
186
154
77
130
66
180
64
182
6
105
38
59
15
138
17
212
138
77
130
67
159
111
76
10
67
103
150
120
175
143
18
223
15
250
105
253
5
100
247
52
91
30
155
246
118
222
113
134
192
231
28
227
154
223
153
25
114
136
99
236
69
59
138
192
35
24
0
0
0
224
0
58
81
112
24
177
184
119
44
87
105
63
40
3
249
208
128
77
142
88
171
0
23
212
30
222
148
192
148
37
23
0
41
158
8
226
144
0
83
154
46
22
16
50
25
204
123
215
120
94
87
60
143
194
149
199
97
254
93
59
138
195
124
166
243
3
110
56
233
183
160
164
50
57
147
105
7
222
134
193
33
234
153
0
250
211
184
172
46
202
119
11
10
18
149
194
195
138
96
113
74
227
177
151
174
34
181
156
114
28
252
142
58
28
86
53
54
53
167
185
135
191
3
0
12
244
227
181
115
26
144
202
140
203
132
37
113
212
116
205
0
85
157
74
190
3
224
99
24
3
173
36
5
203
118
219
165
64
156
143
222
59
18
61
6
63
198
181
151
192
136
138
247
153
114
209
128
147
110
122
224
241
248
255
0
141
84
31
64
146
53
124
223
36
42
70
84
179
143
150
50
122
183
244
207
79
174
42
231
62
77
86
228
194
28
250
61
140
137
153
166
152
73
43
62
242
115
184
49
82
15
78
49
210
185
110
219
185
219
202
146
181
180
44
67
123
125
23
250
171
198
113
253
217
212
72
63
62
15
235
84
170
73
25
186
48
145
114
29
114
97
255
0
31
22
91
255
0
218
183
147
255
0
101
108
127
58
209
87
238
102
240
239
163
47
67
173
105
239
133
107
159
33
207
69
157
76
127
169
227
245
171
85
98
204
157
41
199
116
26
141
253
181
164
65
148
172
178
184
202
42
176
35
234
121
233
77
212
73
14
20
185
183
216
243
13
122
71
155
89
185
146
67
151
102
201
252
133
66
119
87
42
106
206
200
246
117
179
137
110
12
192
29
223
83
239
250
115
210
153
36
198
53
61
84
26
119
21
136
218
222
35
252
3
240
167
204
194
200
97
180
67
211
34
159
59
23
42
35
54
152
232
106
185
197
202
39
217
136
237
71
48
185
67
201
199
106
46
22
34
218
4
152
61
232
184
88
81
109
31
155
230
236
27
253
105
220
9
68
84
174
22
15
42
139
133
138
122
138
109
143
160
255
0
235
212
201
148
145
52
41
251
132
250
10
187
138
195
188
177
233
69
196
32
143
6
157
192
70
239
234
5
43
142
198
62
184
63
208
136
92
143
222
12
130
58
119
172
234
108
92
55
48
73
192
96
202
24
103
60
12
3
92
198
131
157
136
78
0
3
29
49
72
10
19
118
110
65
235
192
160
68
182
178
226
213
149
215
121
41
128
65
233
150
206
127
74
190
109
44
10
58
220
146
194
117
138
103
121
35
118
102
24
82
6
64
60
245
165
25
114
141
198
229
201
28
179
22
99
184
183
82
106
27
109
234
116
70
201
89
14
152
155
133
243
70
76
171
204
156
117
29
155
252
127
58
17
59
104
53
91
156
31
254
181
34
147
30
14
7
38
145
104
107
75
133
198
55
103
248
123
26
171
19
126
196
2
53
85
33
64
25
254
232
192
252
5
75
119
11
88
229
53
130
14
169
57
86
12
50
57
29
15
2
186
97
177
203
83
226
103
185
85
16
20
0
80
2
80
1
64
9
138
96
24
160
10
119
106
19
108
152
251
167
63
227
69
197
98
208
81
142
41
220
18
13
180
92
44
27
104
184
88
165
168
160
242
78
70
71
165
13
130
18
197
247
219
160
61
66
224
253
105
166
34
206
218
96
33
90
46
35
63
84
187
138
210
33
159
154
102
31
34
131
131
245
62
213
19
159
42
52
167
7
38
115
55
23
151
119
101
99
149
227
117
206
64
242
194
227
30
245
143
59
122
51
89
65
71
84
85
115
215
63
220
232
58
84
8
83
51
136
213
112
184
24
247
166
73
74
241
155
7
128
190
227
140
82
67
44
89
40
91
87
110
121
32
126
0
99
252
105
51
72
173
4
179
81
230
183
28
0
63
194
134
40
238
91
56
4
55
97
214
145
170
20
59
70
219
211
25
95
94
135
212
31
106
1
171
146
74
136
155
30
32
124
150
56
25
228
161
238
167
252
242
41
177
69
247
20
6
216
207
242
42
175
86
146
69
69
31
82
77
36
174
84
165
202
66
242
90
161
5
175
4
140
195
32
91
66
210
228
118
228
225
127
90
183
20
183
102
94
215
178
33
146
238
222
38
4
90
92
200
222
147
200
20
31
124
40
253
51
69
226
186
16
230
251
156
190
176
193
245
73
216
32
64
72
249
87
56
28
15
90
214
46
232
205
187
158
229
84
32
160
2
128
10
0
40
1
40
0
160
8
46
212
60
14
157
217
72
253
40
1
109
92
60
40
71
93
163
52
1
53
0
20
192
161
170
143
244
102
227
57
83
218
147
4
85
210
152
176
144
156
146
216
228
125
51
253
105
161
51
73
24
48
224
131
239
76
69
75
253
65
45
98
62
90
249
210
244
8
188
129
254
241
29
5
39
43
108
84
99
119
169
202
203
51
75
112
230
82
205
59
114
196
143
243
249
87
59
79
118
117
198
81
218
37
102
35
203
83
215
25
197
36
77
71
178
24
25
11
124
217
233
158
49
76
200
38
143
40
48
217
29
189
105
1
157
116
72
29
199
61
14
105
161
26
86
72
100
179
93
138
206
72
201
218
9
198
127
149
75
76
213
52
145
90
208
249
119
5
101
101
140
28
141
207
208
96
244
239
69
136
189
153
109
174
236
211
56
146
121
206
51
251
168
130
47
253
244
231
167
225
86
162
138
115
125
16
211
112
229
84
91
89
68
229
155
11
230
201
230
96
122
241
129
250
81
116
137
87
151
82
56
245
25
160
186
100
188
88
154
221
155
18
44
113
42
28
118
35
110
50
71
248
243
74
247
27
139
91
5
221
252
118
55
30
85
196
50
0
64
100
150
38
14
178
41
232
70
64
56
252
105
217
52
62
105
37
116
107
106
118
48
195
166
206
240
68
67
166
214
4
49
7
27
128
60
254
53
157
39
169
47
83
153
137
79
152
198
69
112
160
112
63
250
245
76
205
24
218
151
23
210
118
233
219
29
133
107
15
132
147
221
106
198
20
0
80
1
64
5
0
37
0
4
129
64
21
110
220
20
104
199
223
10
89
104
2
150
155
116
12
170
185
220
8
198
64
233
223
250
210
64
205
122
96
20
1
86
252
102
218
65
211
35
143
229
64
25
122
84
121
154
80
126
225
145
151
229
60
112
1
254
180
32
101
235
251
216
172
149
19
96
121
101
56
72
199
126
112
73
246
161
202
195
140
92
138
151
27
173
70
163
36
202
69
186
148
242
198
227
130
7
80
23
24
28
210
216
55
103
51
52
164
9
38
148
168
119
57
60
224
123
10
199
226
103
74
180
35
169
3
110
81
30
84
99
111
57
24
162
214
34
110
246
5
43
193
42
115
223
20
16
77
19
14
62
85
92
142
167
248
141
32
41
106
0
50
177
42
7
28
123
211
64
57
222
235
237
50
90
220
201
44
139
15
203
243
72
74
140
1
192
29
49
85
37
165
196
190
43
21
209
129
146
77
172
118
142
159
173
64
217
106
234
120
62
204
241
71
177
139
227
162
244
193
29
232
90
21
41
46
82
161
102
137
35
203
225
193
32
1
200
31
227
67
33
108
90
218
74
111
114
114
220
224
246
24
233
73
155
65
104
73
20
75
125
108
108
153
67
55
38
221
250
136
219
186
231
176
63
161
162
44
37
104
187
155
122
133
213
170
105
247
54
243
79
26
72
241
108
49
249
138
89
91
140
113
236
69
16
139
139
187
51
186
90
28
148
102
8
164
33
29
164
60
140
142
159
202
169
153
232
98
106
18
9
175
100
113
144
9
28
19
158
213
172
116
66
103
173
173
222
164
218
198
213
22
134
220
124
134
63
53
183
142
126
247
78
190
213
100
196
214
14
104
1
192
154
6
59
36
10
67
14
220
80
3
75
0
160
250
156
80
5
69
119
32
13
217
27
142
210
122
143
99
235
64
136
101
142
71
65
229
56
19
134
222
156
116
30
159
136
160
102
109
137
219
173
121
67
251
197
182
158
8
24
233
143
173
74
220
111
99
124
73
144
79
228
42
201
28
178
100
12
14
180
5
197
124
21
57
198
59
230
128
57
203
107
212
211
237
166
112
20
133
148
224
179
133
76
148
92
18
73
224
98
166
246
69
90
236
199
184
189
70
153
164
123
207
50
114
220
180
10
88
130
61
9
1
126
152
38
178
123
221
179
94
117
107
36
85
185
187
141
127
126
246
247
19
176
60
61
213
193
63
67
129
223
241
161
73
50
46
210
208
100
58
140
211
92
69
26
73
13
160
119
11
186
52
0
140
240
121
108
159
126
180
115
50
111
125
203
87
42
145
92
252
147
155
204
47
47
36
133
249
252
234
98
219
213
148
237
208
140
228
178
182
225
220
240
49
210
152
13
147
96
92
227
57
60
251
154
93
71
208
169
32
13
42
32
198
9
28
10
3
169
161
173
44
113
25
165
91
72
195
190
15
218
12
220
147
180
116
92
241
142
149
125
5
102
102
66
136
144
137
0
59
220
246
234
125
170
1
108
86
101
97
247
212
39
28
115
197
2
107
185
54
195
34
90
195
24
206
225
142
56
59
139
127
62
148
193
108
92
187
145
209
149
45
102
218
139
149
15
177
73
109
167
25
4
138
22
133
190
197
6
73
102
192
158
242
229
241
254
217
254
84
249
153
159
42
47
220
192
117
24
60
227
14
110
226
79
156
244
243
144
127
23
187
14
254
212
39
208
171
38
172
100
197
111
47
155
157
165
215
63
193
207
242
164
218
38
198
93
234
20
187
145
88
21
32
242
8
198
43
88
236
39
185
235
182
208
169
215
111
229
0
111
17
66
155
177
254
241
255
0
10
208
75
225
249
154
32
16
120
52
132
74
13
0
41
193
24
52
12
132
49
66
84
158
64
200
30
162
128
27
60
155
27
25
224
242
62
180
1
89
101
205
184
40
6
66
54
220
122
255
0
250
205
32
39
69
101
143
107
133
222
112
88
140
228
159
111
165
0
99
149
97
226
8
83
3
4
19
145
193
39
31
225
140
210
91
141
236
107
79
52
54
49
60
146
177
218
20
116
228
247
233
77
232
35
42
125
117
26
209
205
155
56
156
228
32
49
110
219
143
81
158
244
175
216
17
159
226
13
104
201
107
4
42
172
161
144
60
139
176
130
14
56
24
254
149
50
151
65
165
161
155
166
19
37
224
86
69
120
219
4
169
228
103
30
159
231
165
102
245
69
167
97
53
134
72
239
207
148
131
229
69
232
7
94
184
2
166
59
14
91
148
117
41
89
209
20
243
30
73
80
14
113
254
125
104
138
37
153
236
72
10
66
142
188
227
21
68
154
118
170
99
136
41
79
156
243
134
205
49
164
91
87
63
33
1
16
1
252
3
174
125
40
40
105
204
164
129
189
118
142
253
51
72
10
114
238
73
149
179
208
143
155
174
40
2
214
201
167
0
129
36
152
60
147
192
169
209
23
113
134
39
201
12
6
65
3
25
207
56
166
72
217
244
215
147
3
122
238
29
2
41
53
60
201
110
59
92
154
198
193
214
88
217
124
210
241
198
113
199
57
231
147
244
206
127
10
153
85
138
91
130
139
236
35
88
149
142
24
157
159
104
36
171
224
14
188
245
61
62
180
212
239
123
13
162
40
82
215
204
85
18
31
152
156
100
145
158
61
187
86
178
131
140
121
174
69
245
44
217
61
170
221
71
228
204
145
220
135
194
96
135
239
142
78
122
28
250
214
51
231
95
10
185
86
93
75
183
54
118
241
221
103
121
142
57
190
100
203
169
69
231
24
7
62
189
191
90
26
170
213
236
129
114
189
78
35
90
217
253
173
113
229
227
102
238
48
115
216
87
76
19
81
87
51
149
174
122
141
140
164
222
234
47
158
179
34
254
72
63
198
182
182
164
47
133
124
205
4
145
141
33
19
43
82
24
252
208
5
123
193
33
135
204
135
253
108
95
50
140
117
245
31
136
160
101
57
101
89
4
94
91
49
87
141
202
145
206
7
24
63
133
0
73
27
4
152
118
141
122
1
232
49
253
104
17
105
73
10
25
198
24
254
148
1
202
234
140
231
93
57
102
32
157
171
135
193
193
3
245
172
254
209
93
5
213
245
187
107
167
146
221
86
69
242
51
146
127
136
129
207
161
7
222
155
144
145
143
101
168
164
64
40
130
96
248
40
178
163
168
32
30
163
4
123
158
245
28
193
102
55
82
184
103
127
49
216
146
80
0
113
131
199
169
233
159
92
82
122
178
214
136
142
210
65
242
23
27
207
150
199
105
108
2
84
244
56
164
8
125
220
243
207
41
98
23
114
168
81
180
115
140
119
245
169
216
101
104
224
184
104
149
218
54
44
164
241
142
64
245
161
206
43
168
185
91
38
135
77
189
146
96
223
103
194
142
129
184
31
90
153
85
132
119
99
80
108
178
163
203
59
36
10
237
199
32
241
154
180
238
174
13
52
61
217
118
96
21
94
249
39
159
210
152
34
34
224
133
70
96
114
123
19
138
64
244
69
86
151
201
157
94
70
125
161
178
112
51
143
165
26
218
200
55
53
147
80
181
152
74
235
188
162
12
133
144
14
51
211
56
60
15
243
197
98
169
84
229
247
165
169
78
73
61
17
94
27
191
190
102
183
93
206
193
99
217
17
125
222
160
242
50
123
112
71
74
209
211
79
118
197
206
250
18
92
106
215
54
231
247
214
133
36
10
66
199
19
18
125
155
140
128
58
113
201
205
102
176
144
91
187
149
207
123
21
175
5
204
176
70
151
183
228
92
200
126
88
21
192
11
215
1
242
114
164
228
99
245
173
161
74
16
248
81
28
236
134
218
123
208
30
6
104
37
18
167
206
100
42
48
23
158
58
115
239
214
169
46
137
10
241
111
177
36
247
154
100
177
205
37
174
155
229
202
241
252
140
177
116
110
132
242
72
11
142
120
25
207
231
87
107
110
43
217
234
87
179
141
98
187
130
246
71
13
25
108
20
79
153
228
227
208
140
0
77
43
119
101
74
75
151
98
109
82
91
41
109
68
130
246
252
201
28
152
69
144
2
21
58
244
29
15
227
85
110
103
202
17
169
186
57
155
210
198
238
66
236
88
147
156
147
146
120
166
149
180
34
247
212
245
29
37
210
69
186
145
121
13
117
39
233
129
253
43
78
164
47
130
37
141
56
121
80
55
44
119
72
199
230
144
183
124
103
159
92
103
20
88
58
34
242
185
198
112
104
176
92
147
121
199
32
254
84
130
227
90
85
29
88
15
169
197
75
148
86
236
118
102
28
47
28
90
196
193
174
2
192
160
5
1
183
6
207
35
0
116
231
175
208
84
123
72
71
118
95
44
154
216
181
13
237
168
154
73
90
101
216
0
17
224
31
124
212
170
244
239
107
135
179
151
97
247
26
140
109
17
88
3
72
249
251
184
199
234
123
127
156
84
75
23
77
43
141
82
147
57
251
187
89
117
27
175
180
35
194
174
189
206
78
8
237
156
86
19
197
198
58
216
213
82
210
196
11
164
74
243
21
154
72
252
207
225
200
44
112
62
148
167
138
73
93
43
130
167
109
5
77
54
210
216
134
186
187
118
65
215
106
109
234
61
114
79
28
26
168
78
172
237
203
1
74
49
143
81
2
233
72
178
44
247
2
96
0
229
92
145
233
200
20
73
98
52
210
204
23
46
235
81
178
234
22
112
200
63
116
223
103
60
41
17
117
193
234
184
97
198
59
154
211
216
75
150
242
158
161
125
116
68
151
26
164
86
201
19
141
61
163
73
126
101
32
14
64
227
56
60
143
199
219
235
83
28
58
81
247
165
118
10
87
42
255
0
194
71
117
41
49
32
251
56
39
1
213
114
64
200
231
60
254
64
84
199
9
74
46
237
92
114
114
107
70
69
119
127
122
247
83
67
103
112
219
1
255
0
150
9
131
33
199
39
129
158
125
120
173
149
40
45
145
41
187
92
183
229
58
108
18
62
246
24
36
150
201
63
137
166
66
16
43
111
37
183
17
233
138
6
69
56
251
160
122
28
14
148
131
161
70
86
104
218
51
30
209
131
143
152
100
125
106
163
184
158
195
47
228
184
184
9
45
204
193
177
143
153
128
4
40
227
160
57
53
188
90
187
141
136
76
128
170
44
156
131
33
31
116
131
141
223
94
191
150
105
46
91
7
51
100
144
93
192
145
59
75
4
173
33
108
177
142
93
139
192
227
229
3
250
209
42
82
218
246
67
139
177
12
147
36
206
173
28
30
81
92
156
134
47
212
245
57
244
170
140
84
53
6
250
88
35
148
127
170
243
34
117
201
57
100
206
225
249
103
52
228
186
180
72
235
118
153
1
150
41
99
66
188
169
94
199
233
74
124
170
201
161
219
93
139
83
106
0
192
145
220
36
178
74
7
202
76
191
32
255
0
128
227
142
253
43
24
208
139
124
209
122
14
239
169
86
9
30
116
35
100
140
159
119
140
96
122
0
43
121
37
29
157
153
47
67
54
253
124
187
201
16
41
92
96
96
245
28
86
119
190
160
182
61
26
217
90
210
39
142
25
103
42
24
185
38
53
98
88
158
121
255
0
235
87
149
245
202
214
190
135
83
167
14
193
246
131
26
5
19
72
136
135
12
206
118
140
147
207
111
243
235
71
183
172
247
123
143
146
29
133
87
132
185
34
225
4
131
150
223
113
158
58
103
27
184
21
132
165
136
235
114
147
128
215
17
196
197
135
150
171
158
70
239
79
94
127
165
82
85
166
185
90
108
92
209
93
81
95
237
214
216
155
203
150
55
92
241
200
0
251
116
207
189
109
245
42
186
115
34
125
172
122
2
234
12
208
51
65
111
54
197
28
149
229
137
237
208
146
7
29
198
42
214
6
242
247
164
30
215
66
180
119
197
247
220
2
139
182
63
157
137
220
160
158
152
216
56
235
215
255
0
213
91
253
90
154
143
46
235
241
249
145
206
239
169
86
13
74
123
169
188
168
97
139
123
141
249
77
252
1
213
143
205
91
170
52
35
181
201
114
144
154
134
171
121
111
55
149
114
217
36
3
132
194
130
167
161
224
228
231
175
53
156
105
82
131
180
99
100
85
229
37
185
78
29
74
230
104
92
44
146
96
183
205
35
185
192
239
219
33
107
111
119
153
62
93
137
106
202
195
163
223
112
179
44
207
28
76
167
253
108
146
21
46
7
93
185
225
176
63
31
76
154
28
228
221
246
27
73
33
209
218
52
177
178
68
98
157
14
76
83
54
228
222
7
31
32
61
79
94
13
75
87
220
20
148
89
81
155
201
37
94
49
128
54
171
129
156
55
82
50
59
243
210
143
65
187
238
75
21
212
113
172
39
236
229
155
112
253
224
231
32
245
24
35
175
167
165
34
90
93
73
175
111
96
184
150
65
107
99
18
152
211
97
114
163
32
227
31
195
193
246
56
205
104
214
137
220
155
219
70
84
16
55
144
39
142
69
100
13
140
32
216
199
61
113
255
0
215
165
240
202
210
66
230
249
27
144
100
198
163
174
0
53
147
28
118
17
176
178
124
171
183
3
145
201
160
162
57
3
255
0
16
83
198
7
203
197
32
40
92
168
45
31
14
51
217
49
85
21
113
61
138
109
26
188
158
92
108
219
66
228
224
240
71
167
183
231
93
74
73
174
110
166
122
14
98
169
242
121
169
131
144
114
75
50
143
78
152
6
161
219
123
7
154
37
64
165
24
199
180
169
229
182
197
128
63
19
89
185
183
163
22
164
145
89
184
206
193
18
38
55
21
50
32
223
129
216
18
121
29
249
164
234
46
91
110
255
0
34
185
110
70
234
13
193
138
15
37
163
97
185
1
5
88
254
93
248
233
210
174
46
240
247
150
161
43
116
29
13
236
246
19
72
209
31
41
24
5
200
80
114
122
144
121
227
173
41
210
140
226
163
36
52
237
176
146
222
204
208
202
174
131
24
36
79
228
130
118
224
0
185
3
133
20
227
8
38
159
110
129
204
228
85
141
36
88
182
194
67
137
23
39
110
67
113
87
59
39
113
121
153
151
37
154
118
47
157
221
243
215
165
75
119
4
116
78
207
46
233
218
242
36
219
140
70
9
203
15
80
63
136
250
214
54
72
209
46
157
73
39
75
219
91
103
243
139
198
146
124
219
37
117
70
56
198
72
25
207
208
119
170
92
143
65
73
116
184
212
72
174
224
202
200
206
234
161
136
242
115
187
215
230
198
119
1
248
85
57
170
111
96
177
12
145
155
130
254
64
141
118
0
75
49
193
126
220
3
212
245
60
83
85
39
203
190
130
78
49
213
161
110
35
129
188
175
36
221
200
209
229
101
112
0
66
114
58
21
206
7
106
153
73
223
82
211
190
182
35
180
136
199
120
178
58
207
40
83
185
86
37
200
98
58
41
39
130
63
58
155
164
174
193
202
251
18
72
46
238
90
89
82
46
24
177
31
49
200
234
112
9
246
169
109
34
87
152
216
237
174
81
20
36
132
62
194
197
99
112
8
7
4
231
31
202
151
58
43
174
228
113
70
26
112
178
2
210
72
164
131
157
219
184
245
245
21
165
189
219
220
135
46
197
219
59
155
155
77
251
99
73
37
111
148
200
35
12
209
231
142
221
142
71
182
107
57
195
157
43
189
1
59
108
37
226
220
92
72
175
119
12
239
58
229
148
134
202
117
199
67
211
158
185
235
218
171
221
138
209
139
82
93
46
71
179
186
6
75
39
150
228
225
21
66
134
69
245
192
228
103
223
183
52
226
244
114
69
73
91
68
73
170
91
234
247
69
138
217
180
81
35
169
17
66
6
16
227
168
80
73
28
82
142
34
157
211
190
225
201
34
162
105
55
190
123
40
144
198
234
190
100
110
206
65
227
156
12
103
45
236
58
82
150
46
154
142
223
215
249
2
131
110
195
110
34
188
154
35
45
220
83
198
167
25
118
224
3
211
167
175
183
90
168
206
146
106
48
106
228
181
45
216
197
131
204
86
243
198
215
66
49
134
25
124
156
115
129
199
211
154
210
241
138
186
100
108
106
70
165
73
0
128
64
28
131
154
197
154
173
137
78
114
71
36
230
129
145
151
36
18
160
103
29
233
1
66
120
150
73
81
28
100
19
216
213
39
109
73
147
178
42
196
166
59
136
149
162
136
249
108
204
222
99
129
220
224
96
231
31
74
213
205
89
219
114
27
47
172
70
119
130
32
99
41
128
49
43
1
140
246
95
108
247
233
92
238
109
39
114
146
191
65
210
61
137
118
80
146
146
100
42
203
38
208
140
49
235
245
25
197
102
189
174
237
131
228
67
13
165
181
211
186
180
162
6
28
32
247
60
12
231
133
31
211
154
213
54
163
119
186
232
37
202
223
145
82
75
4
132
198
146
220
197
115
149
220
134
38
207
30
152
56
238
42
149
119
81
182
149
172
57
198
219
19
67
246
98
168
144
217
137
80
125
239
190
194
70
237
144
14
73
244
192
166
220
164
172
217
42
86
102
208
213
18
222
213
108
98
131
22
210
38
196
79
43
118
73
234
9
221
215
169
245
174
89
123
86
238
221
154
254
174
106
156
82
216
142
255
0
82
150
118
16
223
36
75
2
47
238
173
222
28
56
24
192
98
123
126
31
165
95
59
156
18
139
249
133
249
117
177
198
106
162
53
212
102
88
152
180
96
252
164
245
198
43
166
14
78
43
155
114
29
158
199
103
109
101
20
83
143
54
76
177
13
183
203
1
6
122
125
208
59
123
215
149
44
68
220
125
205
14
174
84
183
35
123
59
118
144
70
88
41
137
64
145
112
8
227
187
101
177
143
108
230
181
141
73
90
239
174
198
79
149
191
65
130
91
93
236
144
41
116
149
66
236
91
112
216
108
246
4
244
244
57
167
201
62
91
207
167
152
185
149
253
210
41
150
11
105
188
201
14
237
249
30
94
226
172
141
232
73
237
238
41
211
117
37
167
110
189
194
92
139
82
53
142
24
97
85
153
167
0
176
202
238
194
176
199
24
231
39
167
92
87
67
169
41
108
200
183
145
45
141
196
113
179
202
141
200
4
185
98
1
110
112
161
114
167
7
185
197
99
81
57
89
73
92
168
233
170
208
142
230
248
0
81
153
230
118
232
238
160
15
114
63
218
61
14
127
42
184
211
178
211
68
67
157
194
217
225
143
229
47
157
227
46
168
153
3
211
60
225
143
182
7
227
85
56
202
72
81
146
68
214
182
66
96
238
208
72
129
72
33
153
1
39
159
94
158
188
10
194
165
110
75
90
204
210
52
249
183
35
123
89
174
39
242
236
76
64
200
172
204
22
80
95
167
3
105
198
51
254
53
172
107
70
156
57
166
152
156
19
118
68
66
209
237
237
227
121
228
84
4
237
96
140
217
207
67
159
225
207
181
105
237
125
163
118
33
193
162
57
149
161
183
1
6
99
147
27
95
206
85
39
158
126
92
116
166
164
149
251
139
150
202
229
211
61
131
89
38
248
179
118
216
102
45
38
213
92
112
14
224
64
28
14
227
233
92
237
84
117
125
221
34
104
156
121
117
213
145
220
52
240
172
120
145
227
85
200
137
119
128
71
126
158
254
189
235
126
68
228
212
98
70
182
220
137
141
196
140
161
165
149
78
6
212
124
128
71
80
121
252
241
66
112
183
186
39
126
164
176
237
87
203
45
188
146
14
62
118
44
73
244
24
239
223
142
56
169
169
25
69
107
116
84
11
42
70
210
115
219
177
171
40
118
238
128
231
167
97
214
129
145
111
12
72
231
167
122
76
12
233
75
121
155
147
229
227
147
237
249
138
162
101
177
114
43
47
60
145
26
90
198
35
80
236
75
231
233
236
51
253
220
147
239
89
84
196
198
157
180
97
26
119
234
91
150
226
251
247
42
146
164
219
193
15
110
27
115
96
99
140
149
192
24
197
113
168
209
147
147
106
222
102
239
157
90
198
92
22
232
210
72
127
124
202
172
121
69
226
49
254
202
145
158
43
179
153
168
171
24
90
242
212
118
159
17
157
227
142
5
150
125
135
39
40
162
51
142
131
147
131
244
162
164
148
99
121
49
40
251
218
18
93
71
118
174
242
60
50
42
73
134
243
18
19
24
0
117
3
3
142
152
244
169
165
36
149
186
149
52
219
208
181
5
204
146
237
186
178
107
43
82
153
11
39
156
73
219
140
144
114
58
244
247
228
214
74
78
140
245
187
45
165
37
99
60
92
188
50
25
161
156
54
89
152
59
38
208
73
235
129
219
169
199
122
234
146
231
86
146
49
189
165
161
160
159
233
122
108
151
55
187
11
40
17
68
119
237
124
231
175
30
158
253
171
147
248
117
20
105
175
83
72
251
201
185
28
150
173
3
91
106
83
195
35
135
100
56
44
51
130
113
239
93
244
229
207
21
36
67
86
208
236
38
88
228
150
45
154
140
95
48
59
139
76
75
99
223
211
233
156
87
4
57
172
239
3
79
114
246
185
39
216
45
132
225
227
242
214
112
11
1
40
93
178
31
92
231
138
202
53
102
213
158
223
145
163
81
68
80
186
200
24
37
188
81
136
242
67
43
41
101
250
54
73
63
133
105
81
40
180
219
184
163
118
138
179
233
115
193
58
50
199
11
6
3
97
140
24
201
245
36
19
199
227
214
186
169
226
161
202
227
21
235
212
206
80
125
200
196
236
183
5
82
72
226
219
213
226
24
36
250
147
233
74
20
249
175
165
239
209
137
201
236
93
181
210
229
149
101
184
85
73
190
86
96
146
55
12
223
222
61
253
107
154
174
34
16
106
31
145
113
166
218
230
36
211
227
10
124
145
167
38
201
16
6
243
48
188
251
57
252
58
243
83
82
80
179
147
155
191
66
163
207
181
136
237
183
253
184
91
199
12
100
33
193
2
47
44
117
238
113
159
79
82
123
245
170
147
135
179
115
111
86
47
123
154
201
18
106
19
226
101
181
105
162
243
67
55
152
37
82
130
60
114
54
149
227
30
135
6
149
8
93
115
181
167
75
117
245
9
73
45
10
112
223
50
206
209
179
227
115
111
222
78
27
3
174
0
3
159
192
126
21
221
44
58
116
238
214
189
140
148
173
232
91
154
88
110
110
99
15
107
56
184
141
129
64
14
25
71
94
15
78
58
154
226
141
41
210
131
149
236
191
51
119
40
205
216
183
122
35
107
102
89
218
5
108
100
6
199
154
231
174
125
121
250
87
60
57
249
175
4
255
0
66
159
42
86
145
74
217
109
237
164
73
65
141
197
193
198
29
112
138
63
189
180
114
71
111
231
93
51
82
156
92
123
24
171
69
221
9
127
101
12
23
241
43
219
171
194
88
227
236
255
0
46
73
198
65
61
170
240
216
154
158
201
219
71
230
19
141
159
145
86
240
219
75
146
166
76
199
242
132
51
23
81
143
114
1
207
183
214
186
112
202
238
245
29
255
0
6
41
199
200
130
222
249
18
239
229
134
219
144
60
178
161
129
92
255
0
119
7
249
230
186
107
83
143
47
37
217
154
118
119
52
17
137
67
145
208
224
17
92
197
220
66
143
185
114
115
154
0
36
77
170
27
149
253
69
3
51
39
50
52
129
67
70
56
63
235
49
183
159
168
167
162
90
136
116
23
18
233
55
39
237
54
169
114
249
24
43
49
32
241
237
193
63
81
78
126
207
19
11
55
96
73
193
220
214
123
185
133
156
122
132
126
76
89
5
72
142
28
236
4
241
201
29
65
235
94
116
41
195
218
58
45
93
27
73
183
30
100
82
105
166
212
159
124
103
124
172
255
0
33
84
27
129
29
198
0
224
247
205
117
42
112
165
27
222
201
24
57
185
59
13
154
11
251
38
183
85
145
217
136
9
26
198
217
35
39
167
7
29
127
42
33
58
115
77
160
112
146
220
209
75
57
35
156
11
153
33
189
140
190
93
65
17
236
35
190
237
222
253
171
151
219
198
74
201
56
190
134
190
205
173
119
49
238
44
193
186
153
45
116
249
155
110
73
30
96
59
63
30
230
187
105
202
62
205
58
147
220
137
65
183
177
54
161
115
167
203
16
130
210
216
197
46
241
184
108
192
247
13
158
115
81
66
133
88
206
243
149
226
57
184
40
218
218
148
32
251
20
14
226
233
100
101
199
11
19
241
159
95
165
118
74
138
147
74
46
198
41
95
115
43
80
152
92
94
201
40
198
27
29
62
128
80
161
201
238
161
237
177
218
182
137
53
189
160
85
130
23
144
140
188
141
128
63
83
199
173
121
47
27
25
206
242
251
142
153
83
118
178
41
92
239
182
88
29
190
205
52
146
31
153
214
15
148
227
140
30
198
182
133
170
93
106
140
228
249
109
212
124
215
98
210
32
161
45
130
54
25
224
133
200
115
232
73
237
219
129
87
8
83
155
181
159
171
9
73
165
163
41
71
1
184
243
37
153
74
160
25
203
48
5
71
160
231
250
87
92
170
66
45
36
103
103
45
75
218
84
182
179
188
182
182
209
21
145
178
155
229
83
49
62
132
140
12
98
184
49
23
95
188
155
191
224
109
77
223
68
172
91
146
224
66
169
103
53
204
87
133
6
22
40
163
220
193
177
143
189
159
126
49
88
198
14
119
169
110
91
245
127
228
55
36
173
21
169
7
217
245
8
45
17
154
226
120
209
219
97
133
250
227
167
114
51
90
198
116
229
59
36
159
153
14
46
219
216
180
210
27
120
21
102
184
123
200
80
3
26
66
155
84
113
201
39
118
15
78
134
177
113
82
150
139
149
189
203
141
210
190
229
123
152
172
110
35
132
218
219
172
242
146
94
89
35
66
60
174
58
16
48
56
244
39
240
170
164
234
211
155
231
118
75
101
220
36
227
53
162
43
69
107
2
204
178
8
228
33
71
43
32
12
88
142
1
207
24
30
248
226
186
167
90
114
87
108
207
149
115
108
104
88
72
197
136
182
54
246
169
156
72
139
188
22
207
114
72
201
239
212
129
222
185
43
164
151
191
121
118
242
53
133
222
137
13
41
32
212
98
31
97
30
108
142
89
74
182
10
175
76
146
1
237
234
106
35
40
170
109
169
232
134
254
45
81
52
150
70
68
154
91
153
164
146
104
199
200
33
114
10
47
97
131
215
63
74
21
123
114
198
26
38
14
157
238
217
159
111
165
44
145
203
59
216
220
22
86
203
207
187
27
79
168
95
226
24
252
171
121
215
229
154
74
127
47
243
236
102
162
154
179
69
149
17
222
94
4
181
51
78
176
159
153
214
70
12
196
158
159
49
199
243
232
107
57
62
72
222
73
43
249
20
251
92
138
70
138
6
158
59
107
168
204
108
251
100
143
110
78
241
211
156
156
14
189
48
56
233
91
70
82
154
143
50
215
160
156
121
117
31
14
71
108
158
188
28
87
81
152
200
228
30
120
234
48
14
51
64
12
148
112
217
224
30
122
80
51
51
236
242
73
56
40
133
163
78
88
238
199
30
128
158
50
123
80
229
100
43
92
185
190
217
174
98
48
69
43
35
157
187
55
146
125
6
89
123
147
216
254
181
206
163
52
157
217
82
105
104
90
146
59
104
230
242
181
105
230
194
28
36
107
157
184
247
56
21
151
60
229
27
208
72
118
95
109
140
158
91
84
101
154
218
216
192
200
9
84
183
92
28
246
36
156
130
49
193
233
90
66
156
227
30
90
142
247
238
71
52
119
137
112
233
172
100
105
156
253
184
180
127
234
151
25
141
200
206
113
156
26
228
85
237
30
95
134
221
123
155
56
222
206
69
3
101
117
149
220
254
66
131
184
194
205
134
95
195
32
116
21
186
171
7
162
87
243
33
197
218
233
216
116
247
81
192
145
63
50
170
201
189
64
218
161
199
67
147
214
166
20
229
38
211
86
52
156
162
163
116
195
87
158
218
238
213
30
72
163
89
14
10
58
183
65
232
64
165
134
167
58
115
178
122
14
110
50
141
200
226
183
130
93
12
198
203
24
145
9
42
221
156
251
158
185
246
173
42
78
112
172
154
122
25
211
138
113
105
156
157
210
236
184
117
219
183
24
227
240
175
70
46
234
230
22
177
219
121
146
79
167
221
221
204
229
150
220
0
32
220
193
9
206
59
28
215
157
236
163
7
24
199
169
191
180
110
58
149
116
221
55
251
86
249
195
76
99
33
120
36
110
254
117
117
171
123
24
166
145
156
33
207
185
127
84
208
109
244
251
104
90
22
249
157
130
147
183
167
25
200
247
174
76
46
46
117
102
226
246
52
156
82
90
25
246
22
81
221
92
8
229
45
130
219
1
94
185
235
158
127
149
118
215
170
233
67
153
35
58
113
82
209
155
237
164
249
112
11
71
184
60
144
172
240
198
177
150
30
248
175
46
117
237
46
116
191
83
170
48
188
74
214
86
17
90
107
210
193
15
43
26
41
83
32
220
87
39
248
125
43
89
213
149
124
63
52
136
140
99
9
104
82
123
134
187
189
212
143
40
32
108
5
224
134
25
199
60
86
169
42
84
225
29
238
43
115
54
200
175
47
155
123
70
144
194
138
167
97
194
242
127
250
213
181
10
73
46
99
58
149
31
194
44
23
23
23
172
144
153
222
36
13
144
177
133
10
56
207
3
24
173
37
24
164
221
181
33
73
182
145
175
31
134
34
89
76
211
221
75
58
133
25
67
242
231
242
175
58
88
169
53
202
146
70
202
26
220
173
36
17
193
230
24
139
164
98
117
27
80
32
36
227
169
109
185
205
111
10
141
218
251
216
105
111
97
53
155
185
99
209
18
104
165
149
89
88
115
184
18
121
192
237
88
225
225
23
93
166
141
36
218
141
204
203
121
46
47
132
210
180
231
124
81
121
249
117
13
184
228
12
16
0
24
175
75
217
194
41
36
180
57
20
229
39
171
25
101
190
86
18
25
29
72
24
1
78
208
61
198
58
86
138
148
67
218
73
154
44
66
218
76
216
36
162
228
116
235
235
200
230
180
176
210
187
50
237
46
110
46
221
218
71
143
17
54
112
33
80
88
159
112
1
172
230
249
90
73
14
93
141
49
50
99
96
139
4
243
157
212
194
193
128
207
130
58
14
180
8
108
128
20
35
156
1
156
82
25
82
56
237
228
184
100
184
141
164
92
113
177
246
145
158
61
43
42
210
148
82
113
99
81
82
209
148
32
178
80
192
44
146
5
50
16
23
60
12
127
90
209
205
180
101
37
239
52
90
154
226
59
124
52
80
7
66
236
37
89
136
115
33
29
243
128
69
97
202
229
187
255
0
128
106
218
138
216
189
162
233
167
85
18
20
185
123
97
179
162
141
217
207
110
123
123
84
214
196
58
41
105
115
56
171
178
43
107
137
99
22
82
64
222
92
146
238
73
28
18
75
97
177
235
140
113
210
162
162
82
230
82
213
29
43
72
166
104
186
195
119
53
220
215
177
121
178
91
101
65
70
41
184
2
122
226
176
92
212
97
21
77
218
227
228
85
37
103
208
201
154
59
69
145
146
24
36
82
163
171
202
95
244
197
118
211
156
164
175
34
29
53
18
25
21
99
225
21
70
127
217
21
186
39
149
17
161
153
1
100
151
96
244
81
140
210
118
122
52
43
219
99
19
81
93
183
210
1
236
127
65
91
67
225
51
96
255
217
